125	387	0.24497866312686414
123	258	1.1849136573968229
142	259	1.2555816270441855
142	251	0.4636476090008061
163	249	0.7853981633974483
182	254	0.0
194	265	0.7853981633974483
196	369	0.7853981633974483
-212	229	0.0
211	97	0.7853981633974483
233	91	0.7853981633974483
255	97	0.7853981633974483
258	111	0.7853981633974483
259	289	0.7853981633974483
-416	365	0.7853981633974483
415	292	0.7853981633974483
432	256	0.7853981633974483
446	296	0.7853981633974483
448	356	0.7853981633974483
-428	236	0.7853981633974483
440	198	0.7853981633974483
450	235	0.7853981633974483
455	284	0.7853981633974483
-447	193	0.7853981633974483
457	164	0.7853981633974483
469	198	0.7853981633974483
470	224	0.7853981633974483
-462	161	0.7853981633974483
476	166	0.7853981633974483
487	198	0.7853981633974483
490	313	0.0
-478	359	-0.1418970546041639
478	327	2.677945044588987
533	332	2.1870932641909677
533	366	0.7853981633974483
-540	333	0.7853981633974483
-491	325	0.8884797719201486
-509	318	0.388318718172466
510	205	0.7853981633974483
534	203	-1.0303768265243125
535	327	-0.5880026035475675
557	323	0.7853981633974483
556	208	0.7853981633974483
545	205	-0.3217505543966422
-334	336	0.7853981633974483
334	257	0.7853981633974483
350	234	0.7853981633974483
402	229	-0.5880026035475675
422	259	0.7853981633974483
-402	240	2.3291740410050803
404	333	2.356194490192345
-776	331	0.7853981633974483
846	338	0.7853981633974483
909	351	0.7853981633974483
942	370	0.7853981633974483
961	390	0.7853981633974483
938	403	0.7853981633974483
808	424	0.7853981633974483
688	459	0.7853981633974483
677	463	0.7853981633974483
627	485	0.7853981633974483
584	514	0.7853981633974483
517	562	0.7853981633974483
461	612	0.7853981633974483
-795	455	0.7853981633974483
749	476	0.7853981633974483
714	501	0.7853981633974483
661	549	0.7853981633974483
633	578	0.7853981633974483
616	608	0.7853981633974483
-709	495	0.7853981633974483
683	511	0.7853981633974483
636	545	0.7853981633974483
594	605	0.7853981633974483
-1091	404	0.7853981633974483
1002	418	0.7853981633974483
882	460	0.7853981633974483
820	496	0.7853981633974483
770	545	0.7853981633974483
751	578	0.7853981633974483
739	612	0.7853981633974483
-433	384	0.7853981633974483
546	391	0.7853981633974483
625	398	0.7853981633974483
703	399	0.7853981633974483
780	402	0.7853981633974483
-466	364	1.201462669121271
632	382	0.7853981633974483
776	387	0.7853981633974483
-111	399	0.7853981633974483
186	411	0.7853981633974483
341	378	0.7853981633974483
284	368	0.7853981633974483
-105	465	0.7853981633974483
104	416	0.7853981633974483
-193	483	1.3909428270024184
192	428	0.7853981633974483
-347	445	0.7853981633974483
344	396	0.7853981633974483
-229	500	1.2252407462131845
326	537	0.7853981633974483
473	449	0.7853981633974483
365	443	0.7853981633974483
-580	343	0.7853981633974483
581	158	0.7853981633974483
551	158	-1.2793395323170296
551	191	-0.348771003583907
-700	314	0.7853981633974483
698	234	-0.0964737751825869
706	212	-1.5707963267948966
726	212	-0.2536740961386427
720	234	2.321725389192837
721	292	2.5535900500422257
-733	299	1.0191413442663497
733	235	-0.23923159996366056
-204	367	0.7853981633974483
201	323	0.7853981633974483
254	320	0.7853981633974483
289	322	0.7853981633974483
292	364	0.7853981633974483
-243	311	0.7853981633974483
242	241	0.7853981633974483
171	233	0.7853981633974483
150	234	0.7853981633974483
-264	278	0.7853981633974483
266	233	0.7853981633974483
288	233	0.7853981633974483
291	267	0.7853981633974483
299	299	0.7853981633974483
299	248	0.7853981633974483
324	245	0.7853981633974483
328	286	0.7853981633974483
-586	262	0.7853981633974483
587	216	0.7853981633974483
606	216	0.7853981633974483
604	263	-0.712357598094329
615	269	0.16514867741462683
615	289	1.4827889532671559
629	288	0.6610431688506868
632	310	1.0483928950783679
645	310	0.722191331499988
648	258	0.7853981633974483
665	255	0.7853981633974483
683	260	0.7853981633974483
685	244	-1.5707963267948966
-3	470	0.7853981633974483
41	454	1.1309537439791604
276	561	0.7853981633974483
195	613	0.7853981633974483
-260	615	0.7853981633974483
310	572	0.7853981633974483
382	577	0.7853981633974483
354	614	0.7853981633974483
-490	493	0.7853981633974483
489	474	0.7853981633974483
543	435	0.7853981633974483
607	443	0.7853981633974483
612	471	0.7853981633974483
-458	593	0.7853981633974483
371	562	0.7853981633974483
471	492	0.7853981633974483
-22	332	1.2490457723982544
21	316	-2.7790484163252858
44	316	0.7853981633974483
44	287	0.7853981633974483
71	287	0.7853981633974483
71	311	0.7853981633974483
118	311	1.8545904360032246
-359	23	0.7853981633974483
359	108	0.7853981633974483
-365	68	0.7853981633974483
402	68	0.7853981633974483
-417	24	0.7853981633974483
417	108	0.7853981633974483
-452	27	0.7853981633974483
452	110	0.7853981633974483
507	110	0.7853981633974483
507	28	0.7853981633974483
472	28	0.7853981633974483
-668	47	0.7853981633974483
668	27	0.7853981633974483
626	27	0.7853981633974483
626	64	0.7853981633974483
669	64	0.7853981633974483
669	112	0.7853981633974483
627	112	0.7853981633974483
627	85	0.7853981633974483
-714	28	0.7853981633974483
777	28	0.7853981633974483
-745	112	0.7853981633974483
745	38	0.3392926144540447
-536	26	0.7853981633974483
536	112	0.7853981633974483
585	112	0.7853981633974483
585	26	0.7853981633974483
-808	28	0.7853981633974483
808	113	0.7853981633974483
864	113	0.7853981633974483
864	30	0.7853981633974483
831	30	0.7853981633974483
-906	113	0.7853981633974483
906	29	0.7853981633974483
968	113	0.7853981633974483
968	30	0.7853981633974483
